7.339089705219751236e-01
5.758459698173064023e-01
4.970651981951315079e-01
4.551082204414319543e-01
4.295292285424244794e-01
4.183218056642556415e-01
4.063211837901344881e-01
3.934428882372530412e-01
3.771527313356158317e-01
3.585773830926871075e-01
3.422482372084750257e-01
3.273199613713010936e-01
3.214814753472050590e-01
3.114765727821784957e-01
3.124309344382225628e-01
3.075047274933585539e-01
3.031950875928130507e-01
3.024385147079636793e-01
2.998494609624524632e-01
2.984166256611860413e-01
2.969727270965334953e-01
2.950616324249702438e-01
2.951927996134456333e-01
2.922266000245191120e-01
2.920820784719684315e-01
2.923883648612831121e-01
2.913904872876179608e-01
2.913743131145646315e-01
2.891387496190734874e-01
2.871017261773725071e-01
2.869111829543415371e-01
2.884753203090232865e-01
2.881806634272200962e-01
2.860750178747539230e-01
2.864167563900162916e-01
2.870264781426780099e-01
2.848699345618863621e-01
2.831728894122039208e-01
2.845259968993030242e-01
2.842754221792462288e-01
2.827478666094285220e-01
2.824193048703519393e-01
2.829605322095412046e-01
2.805498647916165877e-01
2.811051895724067107e-01
2.810336580570739762e-01
2.825298433816885724e-01
2.821245849887026869e-01
2.831203496154350296e-01
2.832174936804590093e-01
2.811792337253123941e-01
2.809336775843101486e-01
2.810436764472647453e-01
2.792575423476062468e-01
2.798589354828943110e-01
2.804873332947115383e-01
2.791068120093285199e-01
2.796701503139508160e-01
2.812182893858680144e-01
2.809545884404001104e-01
2.787614157305488005e-01
2.807562856734553414e-01
2.794340428295014611e-01
2.780687742972675625e-01
2.807790157915670548e-01
2.790111278808569684e-01
2.787629643195791984e-01
2.782827604420577416e-01
2.791054050756406335e-01
2.774571246361430821e-01
2.789480927624279905e-01
2.781961212241196857e-01
2.793521445386017432e-01
2.773226090247117859e-01
2.798556185598614632e-01
2.778419545745547947e-01
2.791156468889381403e-01
2.782965040282358027e-01
2.760180968649779687e-01
2.781290161081507173e-01
2.772953591392010031e-01
2.767081683195090069e-01
2.774826670183411226e-01
2.788290021162999066e-01
2.772124072041692866e-01
2.770973325152940592e-01
2.784794323806521477e-01
2.766669247346588145e-01
2.772676406216018075e-01
2.767152852272685704e-01
2.759728441132774934e-01
2.781047400417206994e-01
2.752838949613933273e-01
2.779220308684095531e-01
2.777281701564788818e-01
2.775520218324057931e-01
2.752236771055414644e-01
2.762583418737483698e-01
2.778804470089417666e-01
2.770499258856229940e-01
