9.130569138104402960e-01
8.099162880378433238e-01
7.041105805318567112e-01
6.452853411813325168e-01
6.022365632690961368e-01
5.675689249853544949e-01
5.360621074332466707e-01
5.064160586157931965e-01
4.714682735974275452e-01
4.416401363626311083e-01
4.126164388807513905e-01
3.872489121895802411e-01
3.740907990479770961e-01
3.569072198264206519e-01
3.541085225871846709e-01
3.466602088529852632e-01
3.390249877790861288e-01
3.346580063240437442e-01
3.325644039277789177e-01
3.304804431486733085e-01
3.260552739795249955e-01
3.235278808617893520e-01
3.237987500202806901e-01
3.186758334123635517e-01
3.188570720862738961e-01
3.181569457431382975e-01
3.157756132415578398e-01
3.173858876092524595e-01
3.138077349602421684e-01
3.118120041451876712e-01
3.100736416593382616e-01
3.126366036602213350e-01
3.120294756527188240e-01
3.094454226614553605e-01
3.103958558809908341e-01
3.110973376639281640e-01
3.077851681015159602e-01
3.058456161731405998e-01
3.079937969959234967e-01
3.079435142535197345e-01
3.065284847081461983e-01
3.041801807246630740e-01
3.056131554178044829e-01
3.028796894263617867e-01
3.027055870883072486e-01
3.020621662652945294e-01
3.043555622991127030e-01
3.034381262863738438e-01
3.054670118078400831e-01
3.046455986892120937e-01
3.028721671692932715e-01
3.035231426924089870e-01
3.034835966138900165e-01
3.008584236796897904e-01
3.010577661327168975e-01
3.023359871740582405e-01
3.006672027367579547e-01
3.003774183460428682e-01
3.021270596905599737e-01
3.023215038112447295e-01
3.005915510503551769e-01
3.013989176554016103e-01
3.012678377990481438e-01
2.987335610993300805e-01
3.016385019202775797e-01
2.994925138316577029e-01
2.994804959508436948e-01
2.981280948542341380e-01
3.003240718117243246e-01
2.981380441143542948e-01
2.995740079049822868e-01
2.987781664993189312e-01
3.003197250109684857e-01
2.970087981865375815e-01
2.995399127278146612e-01
2.974941085411023645e-01
2.985621094703674316e-01
2.981021068518674988e-01
2.964248547825631963e-01
2.975353917366341805e-01
2.980543693786935067e-01
2.974062880760506844e-01
2.970787833763074426e-01
2.995703046834921612e-01
2.975175043072881831e-01
2.964366102897668109e-01
2.983268423925471979e-01
2.970351026028017483e-01
2.972429821008368278e-01
2.966574385196347752e-01
2.950674677385559663e-01
2.980710556612738982e-01
2.945864877746074972e-01
2.985657681769962601e-01
2.976110315398324824e-01
2.981599186417422942e-01
2.964283903188343339e-01
2.955937889180605960e-01
2.970741777857647814e-01
2.977665559023241482e-01
